# No	Ref	V	BV	UB	N
# --	---	-	--	--	-
0025	25	9.47	+0.48	+0.01	2
0034	25	12.03	+0.94	+0.62	2
0034	132	11.96	+0.92		3
0070	909	10.768	+0.704	+0.154	2
0081	25	13.59	+0.90	+0.38	1
0081	124	13.55	+0.92	+0.35	6	
0081	909	13.505	+0.879	+0.606	1
0081	1043	13.56	+0.88	+0.39	3
0083	124	14.86	+1.05	+0.74	7	
0083	1043	14.89	+0.99	+0.71	4
0097	25	12.50	+1.08	+0.79	2
0097	132	12.65	+1.08		1
0097	1051	12.65	+1.08	+0.87	3
0102	25	10.51	+0.71	+0.15	2
0102	144	10.52	+0.71		1
0102	909	10.540	+0.755	+0.301	1
0105	25	13.76	+0.98	+0.48	1
0105	1043	13.78	+0.95	+0.43	3
0120	25	10.79	+0.70	+0.19	2
0120	144	10.84	+0.70		1
0129	25	11.47	+0.88	+0.40	2
0133	124	14.33	+1.38	+1.20	5	
0133	132	14.26	+1.35		3
0133	304	14.32	+1.35		3
0133	1043	14.32	+1.38	+1.11	3
0134	124	14.41	+1.51	+1.07	1	
0134	144	14.37	+1.47		1
0134	496	14.39	+1.51		2
0134	1043	14.39	+1.55		3
0146	132	14.52	+1.41		2
0146	304	14.55	+1.41		2
0146	1043	14.60	+1.41		2
0152	25	10.75	+0.70	+0.17	2
0152	144	10.73	+0.69		1
0152	1044	10.71	+0.68		1
0153	25	7.51	+0.15	+0.10	2
0157	25	7.90	+0.34	+0.11	3
0157	909	7.911	+0.359	+0.131	3
0158	3	8.24	+0.235	+0.14	2
0158	25	8.23	+0.25	+0.14	6
0158	457	8.23	+0.251		1
0158	1044	8.21	+0.26		1
0164	25	9.54	+0.48	+0.01	2
0164	909	9.556	+0.533	+0.011	3
0164	1044	9.52	+0.50		1
0173	25	10.86	+0.85	+0.44	2
0173	132	10.89	+0.84		4
0173	1044	10.86	+0.89		1
0174	25	11.62	+0.85	+0.43	4
0186	25	10.52	+0.80	+0.25	2
0186	1043	10.49	+0.79	+0.29	3
0189	124	14.03	+1.36	+1.21	4	
0189	132	13.96	+1.37		4
0189	271	14.02	+1.37		26
0189	304	14.00	+1.37		4
0189	1043	14.00	+1.36	+1.18	3
0191	124	14.60	+1.42	+1.27	5	
0191	132	14.50	+1.35		1
0191	271	14.50	+1.43		20
0191	304	14.53	+1.35		1
0191	1043	14.39	+1.46	+1.12	3
0193	25	11.29	+0.81	+0.36	4
0193	144	11.30	+0.79		1
0212	124	14.385	+1.40	+1.13	1
0212	132	14.30	+1.37		1
0232	3	8.05	+0.197	+0.15	2
0232	25	8.06	+0.20	+0.15	6
0232	457	8.05	+0.209		1
0233	25	9.66	+0.52	+0.01	3
0233	909	9.691	+0.547	+0.062	1
0248	25	11.02	+0.77	+0.25	2
0248	144	11.02	+0.77		1
0248	909	11.021	+0.796	+0.232	1
0248	1044	11.01	+0.79		1
0250	25	10.68	+0.68	+0.14	3
0250	144	10.70	+0.67		1
0250	1044	10.72	+0.70		1
0253	25	10.66	+0.68	+0.14	2
0257	25	12.51	+0.81	+0.30	2
0257	1043	12.60	+0.80	+0.33	3
0263	25	11.54	+0.88	+0.42	4
0263	144	11.63	+0.88		1
0293	25	10.80	+0.70	+0.16	3
0293	144	10.79	+0.70		1
0293	1044	10.78	+0.73		1
0296	25	11.46	+0.84	+0.45	1
0296	132	11.54	+0.84		3
0296	312	11.36	+0.83		1
0296	909	11.512	+0.913	+0.430	2
0298	25	10.86	+0.88	+0.47	2
0303	25	10.48	+0.89	+0.35	2
0303	144	10.48	+0.88		1
0303	1044	10.49	+0.91		1
0314	25	10.56	+0.64	+0.10	3
0314	1044	10.60	+0.66		1
0316	1387	8.85	+1.71	+1.99	3
0320	25	11.04	+0.88	+0.44	3
0320	1044	11.02	+0.90		1
0324	124	13.00	+1.07	+0.78	11
0324	132	12.99	+1.05		2
0324	144	12.87	+1.06		1
0324	359	12.91	+1.08		1
0324	442	12.96	+1.04		2
0324	1051	13.12	+1.02	+0.79	4
0335	124	13.76	+1.28	+1.08	4
0335	132	13.77	+1.26		2
0335	1043	13.78	+1.25	+1.08	3
0338	3	9.06	+0.458	+0.10	2
0338	25	9.07	+0.46	+0.10	4
0338	457	9.08	+0.459		1
0338	1044	9.04	+0.48		1
0344	3	8.16	+0.265	+0.09	2
0344	25	8.17	+0.27	+0.09	4
0345	25	11.57	+0.84	+0.38	2
0345	124	11.65	+0.85	+0.36	4
0347	124	13.98	+1.44	+1.11	9
0347	132	14.00	+1.41		1
0347	271	14.05	+1.44		36
0347	1051	14.04	+1.41		2
0347	1051	14.04	+1.41		2
0357	25	13.46	+1.44	+0.69	1
0357	132	13.27	+1.19		4
0357	304	13.32	+1.19		4
0357	312	13.34	+1.22		2
0357	1043	13.52	+1.28	+1.15	4
0380	132	13.33	+1.21		1
0405	3	9.82	+0.537	+0.05	2
0405	25	9.83	+0.54	+0.05	4
0430	25	11.40	+0.85	+0.34	2
0430	124	11.45	+0.81	+0.39	2
0430	132	11.40	+0.80		1
0430	312	11.37	+0.82		1
0447	3	5.45	-0.046	-0.33	6
0447	25	5.46	-0.04	-0.33	8
0447	186	5.46	-0.04	-0.36	2
0447	262	5.45	-0.04	-0.31	2
0447	457	5.45	-0.048		1
0447	1091	5.46	-0.04	-0.33	8
0451	124	13.49	+1.23	+1.11	6
0451	132	13.43	+1.21		4
0451	304	13.44	+1.19		2
0451	1043	13.36	+1.19	+1.04	3
0468	3	3.69	-0.107	-0.41	3
0468	25	3.71	-0.11	-0.41	3
0468	29	3.69	-0.11	-0.41	3
0468	262	3.70	-0.11	-0.40	2
0468	871	3.73	-0.106		3
0468	1091	3.70	-0.12	-0.40	6
0470	25	8.95	+0.39	+0.01	3
0470	909	8.957	+0.412	-0.018	5
0470	1044	8.86	+0.40		1
0476	25	10.81	+0.80	+0.27	2
0476	312	10.78	+0.80		1
0476	1044	10.80	+0.84		1
0489	3	10.37	+0.627	+0.13	2
0489	25	10.39	+0.63	+0.13	4
0489	144	10.42	+0.62		1
0513	25	13.76	+1.30	+1.39	1
0513	124	13.84	+1.31	+1.15	3
0513	271	13.77	+1.32		40
0514	25	10.69	+0.69	+0.17	3
0514	144	10.73	+0.70		1
0514	1044	10.73	+0.71		1
0522	25	11.93	+0.94	+0.61	2
0522	124	11.97	+0.92	+0.63	4
0522	132	11.97	+0.90		1
0530	25	8.95	+0.39	+0.02	3
0530	909	8.978	+0.384	-0.011	3
0531	3	8.57	+0.331	+0.16	2
0531	25	8.58	+0.34	+0.16	4
0541	3	5.64	-0.075	-0.36	6
0541	25	5.65	-0.07	-0.36	8
0541	268	4.76	-0.08	-0.31	0
0541	1091	5.65	-0.07	-0.36	8
0559	132	13.33	+1.11		1
0563	3	4.29	-0.106	-0.46	4
0563	25	4.31	-0.11	-0.46	4
0563	262	4.29	-0.11	-0.44	2
0563	268	4.39	-0.12	-0.39	1
0563	457	4.29	-0.115		1
0563	574	4.29	-0.12	-0.48	2
0563	871	4.30	-0.101		3
0563	1091	4.30	-0.11	-0.46	7
0571	25	11.20	+0.78	+0.30	3
0571	132	11.26	+0.78		1
0590	132	14.37	+1.36		1
0590	1051	14.34	+1.37		2
0605	3	8.98	+0.439	+0.08	2
0605	25	8.99	+0.44	+0.08	4
0624	132	15.28	+1.53		2
0624	304	15.27	+1.52		1
0625	25	12.57	+1.10	+0.76	1
0625	132	12.69	+1.19		3
0627	25	9.68	+0.50	+0.03	3
0627	1044	9.65	+0.52		1
0636	25	12.48	+1.06	+0.78	1
0636	132	12.40	+1.02		9
0649	496	11.94	+0.95	+0.34	2
0652	3	8.02	+0.216	+0.18	2
0652	25	8.04	+0.21	+0.18	4
0659	25	12.13	+0.95	+0.39	2
0659	132	12.04	+0.94		2
0676	25	13.56	+1.30	+1.26	1
0676	124	13.71	+1.31	+1.24	6
0676	132	13.64	+1.30		2
0676	909	13.936	+1.925		1
0686	359	13.67	+1.72		1
0686	1051	13.38	+1.27		1
0697	3	8.58	+0.352	+0.11	2
0697	25	8.60	+0.35	+0.11	4
0708	3	10.12	+0.602	+0.13	2
0708	25	10.13	+0.62	+0.13	4
0708	909	10.158	+0.616	+0.054	19
0717	3	7.16	+0.159	+0.08	3
0717	25	7.18	+0.16	+0.08	7
0727	3	9.70	+0.548	+0.05	2
0727	25	9.70	+0.55	+0.05	4
0727	1044	9.71	+0.56		1
0738	25	12.26	+1.16	+0.72	1
0738	132	12.30	+1.17		2
0738	909	12.359	+1.193	+0.792	1
0739	25	9.56	+0.62	+0.06	3
0739	132	9.57	+0.62		2
0739	1044	9.48	+0.63		1
0740	132	13.40	+1.06		1
0740	1043	13.45	+1.08	+0.95	3
0745	3	9.43	+0.520	+0.11	2
0745	25	9.45	+0.52	+0.11	4
0745	1044	9.46	+0.53		1
0746	25	11.27	+0.92	+0.23	2
0746	132	11.30	+0.77		1
0761	25	10.55	+0.67	+0.17	2
0761	1044	10.56	+0.71		1
0762	124	14.33	+1.42	+1.37	18
0762	132	14.23	+1.40		1
0762	442	14.33	+1.40		3
0785	3	3.86	-0.068	-0.40	4
0785	25	3.88	-0.07	-0.40	4
0785	262	3.87	-0.07	-0.38	2
0785	871	3.91	-0.078		2
0785	1091	3.87	-0.07	-0.40	7
0793	124	14.305	+1.40	+1.47	8
0793	132	14.27	+1.47		3
0793	304	14.31	+1.47		3
0793	1043	14.32	+1.33	+1.12	3
0799	124	13.71	+1.31	+1.07	3
0799	132	13.66	+1.34		3
0799	304	13.70	+1.34		3
0799	1043	13.61	+1.33	+1.20	5
0801	25	6.85	+0.04	+0.01	2
0801	909	6.838	+0.052	+0.022	5
0803	496	11.97	+1.42	+1.13	2
0804	3	7.84	+0.192	+0.16	2
0804	25	7.85	+0.20	+0.16	4
0804	909	7.845	+0.182	+0.201	20
0817	3	5.75	-0.044	-0.23	3
0817	25	5.76	-0.04	-0.23	5
0817	574	5.77	-0.04	-0.28	2
0817	909	5.773	-0.022	-0.230	28
0817	1091	5.76	-0.04	-0.23	5
0859	3	6.41	-0.028	-0.15	3
0859	25	6.43	-0.02	-0.15	7
0859	909	6.430	-0.015	-0.134	33
0859	1091	6.43	-0.02	-0.15	7
0865	25	16.01	+1.05		2
0870	132	12.61	+1.25		1
0879	124	12.82	+1.08	+0.97	9
0879	132	12.79	+1.07		2
0879	442	12.76	+1.06		2
0882	25	12.66	+1.07	+0.73	1
0882	132	12.95	+1.07		2
0883	124	13.05	+1.15	+1.06	9
0883	132	13.05	+1.08		2
0883	442	13.02	+1.12		2
0885	25	12.05	+1.01	+0.84	2
0885	132	12.08	+1.02		1
0906	132	15.20	+1.52		1
0915	25	13.62	+1.23		1
0915	132	13.79	+1.23		1
0916	25	11.71	+0.87	+0.48	2
0916	909	11.620	+0.869	+0.412	24
0923	25	10.12	+0.62	+0.09	3
0923	132	10.16	+0.61		2
0930	124	14.23	+1.34	+0.85	8
0930	442	14.22	+1.37		2
0945	25	13.29	+1.06	+0.97	1
0945	132	13.32	+1.02		1
0948	25	8.66	+0.60	+0.10	2
0948	909	8.685	+0.594	+0.067	5
0956	25	7.96	+0.32	+0.07	2
0974	124	13.86	+1.32	+1.225	10
0974	132	13.96	+1.34		1
0974	442	13.95	+1.34		2
0975	25	10.56	+0.81	+0.29	2
0975	312	10.58	+0.84		1
0980	3	4.16	-0.056	-0.43	3
0980	25	4.18	-0.06	-0.43	3
0980	29	4.18	-0.06	-0.41	3
0980	262	4.18	-0.06	-0.41	2
0980	871	4.18	-0.046		2
0980	1091	4.18	-0.06	-0.42	6
0992	496	12.26	+0.97	+0.48	2
0995	345	10.04	+0.87	+0.53	1
0996	3	10.42	+0.640	+0.15	2
0996	25	10.42	+0.64	+0.15	4
0996	144	10.42	+0.63		1
0996	909	10.453	+0.646	+0.107	39
0996	1044	10.40	+0.67		1
1008	345	10.04	+1.81	+2.17	1
1015	25	10.54	+0.65	+0.12	2
1015	144	10.54	+0.65		1
1015	345	10.55	+0.65	+0.10	1
1021	496	10.36	+1.28	+1.03	2
1028	3	7.34	+0.097	+0.12	2
1028	25	7.35	+0.10	+0.12	6
1028	457	7.35	+0.110		1
1028	1044	7.40	+0.11		1
1029	132	14.34	+1.39		1
1029	1051	14.21	+1.52		1
1032	25	11.34	+0.86	+0.38	2
1032	312	11.10	+0.75		1
1039	132	12.96	+1.22		2
1039	359	13.13	+1.30		1
1039	1051	13.07	+1.23	+0.79	2
1061	124	14.28	+1.42	+1.24	5
1061	132	14.21	+1.39		2
1061	304	14.23	+1.39		2
1061	1043	14.19	+1.30	+1.16	4
1081	132	14.61	+1.42		1
1084	3	8.09	+0.353	+0.28	3
1084	25	8.11	+0.36	+0.29	13
1084	244	8.14	+0.36	+0.24	2
1084	457	8.14	+0.363		1
1084	1042	8.11	+0.35	+0.30	5
1084	1044	8.16	+0.37	+0.29	1
1088	496	13.07	+0.84	+0.23	2
1095	25	11.92	+0.88	+0.71	2
1095	144	11.83	+0.92		1
1100	25	12.16	+1.15	+1.15	1
1100	132	12.25	+1.10		3
1100	1051	12.13	+1.17	+0.86	2
1101	25	10.26	+0.61	+0.08	3
1101	144	10.25	+0.61		1
1101	345	10.29	+0.61	+0.06	1
1103	132	14.77	+1.48		1
1110	132	13.29	+1.19		2
1110	1043	13.41	+1.23	+1.11	2
1114	124	14.08	+1.38	+1.21	10
1114	132	14.10	+1.39		1
1114	442	14.10	+1.42		2
1117	3	10.20	+0.724	+0.31	2
1117	25	10.20	+0.73	+0.31	4
1117	457	10.20	+0.733		1
1117	496	10.22	+0.71	+0.19	2
1122	3	9.28	+0.457	+0.03	2
1122	25	9.29	+0.46	+0.03	4
1122	909	9.337	+0.470	-0.057	4
1124	25	12.12	+0.92	+0.51	3
1124	132	12.32	+0.98		3
1132	25	9.42	+0.49	+0.03	2
1136	25	12.02	+0.99	+0.54	2
1136	132	12.18	+1.00		1
1139	25	9.38	+0.48	+0.00	2
1163	496	13.14	+0.78	+0.16	2
1173	124	15.21	+1.51	+0.91	11
1173	132	15.11	+1.49		4
1173	304	15.13	+1.52		3
1173	312	15.10	+1.56		4
1173	442	15.23	+1.48		1
1182	25	10.46	+0.64	+0.10	2
1184	345	10.62	+0.34	+0.28	1
1200	25	9.90	+0.54	+0.05	2
1207	25	10.47	+0.62	+0.09	2
1207	144	10.51	+0.64		1
1215	3	10.52	+0.638	+0.16	2
1215	25	10.52	+0.65	+0.16	6
1215	132	10.55	+0.62		3
1220	25	11.74	+0.88	+0.54	1
1234	3	6.80	+0.025	-0.07	3
1234	25	6.82	+0.02	-0.07	15
1234	50	6.82	+0.021	-0.073	1
1234	457	6.83	+0.013		1
1266	25	8.28	+0.36	+0.12	1
1266	345	8.30	+0.38	+0.12	1
1275	25	11.47	+0.84	+0.43	2
1275	312	11.45	+0.83		2
1280	124	14.55	+1.37	+1.11	7
1280	442	14.58	+1.35		2
1284	3	8.38	+0.294	+0.08	2
1284	25	8.37	+0.30	+0.08	6
1284	457	8.37	+0.293		1
1286	132	15.35	+1.68		3
1286	304	15.34	+1.68		3
1298	25	12.18	+1.02	+0.78	2
1298	132	12.33	+1.00		2
1305	25	13.46	+1.18	+1.10	1
1305	132	13.52	+1.19		5
1305	304	13.65	+1.19		2
1305	312	13.55	+1.20		2
1306	25	13.39	+1.35	+1.18	2
1306	124	13.505	+1.35	+1.17	4
1306	132	13.40	+1.31		3
1306	304	13.45	+1.31		3
1306	1043	13.36	+1.34	+1.15	3
1309	3	9.44	+0.468	+0.02	2
1309	25	9.46	+0.47	+0.02	4
1309	909	9.476	+0.477	-0.039	20
1321	124	15.33	+1.56	+1.05	10
1321	132	15.22	+1.45		2
1321	304	15.27	+1.45		2
1321	312	15.22	+1.47		2
1321	442	15.25	+1.63		2
1331	345	9.00	+1.25	+1.16	1
1332	25	12.41	+1.04	+0.86	2
1332	132	12.53	+1.02		2
1332	1043	12.46	+1.04	+0.79	3
1338	25	8.69	+0.46	+0.03	2
1348	25	12.61	+1.18	+1.00	3
1348	132	12.70	+1.15		3
1348	304	12.75	+1.15		1
1348	1043	12.64	+1.17	+1.05	3
1355	25	13.97	+1.23		1
1355	132	14.02	+1.40		2
1355	304	14.07	+1.40		2
1357	186	7.00	+0.50	+0.09	2
1362	25	8.25	+0.26	+0.10	2
1375	25	6.29	+0.02	-0.02	2
1380	3	6.98	+0.030	+0.05	2
1380	25	6.99	+0.03	+0.05	6
1384	3	7.64	+0.206	+0.12	3
1384	25	7.66	+0.21	+0.12	7
1384	186	7.68	+0.22	+0.10	2
1391	496	10.94	+0.61	+0.16	2
1397	3	7.26	+0.035	+0.05	2
1397	25	7.26	+0.05	+0.04	3
1397	1044	7.24	+0.07		1
1404	186	8.73	+0.18	-0.06	2
1407	25	8.13	+0.25	+0.13	4
1420	496	10.44	+1.38	+1.12	2
1425	3	7.76	+0.153	+0.12	4
1425	25	7.77	+0.15	+0.12	8
1425	457	7.75	+0.165		1
1431	3	6.80	+0.063	+0.02	3
1431	25	6.81	+0.06	+0.02	7
1431	909	6.831	+0.066	+0.037	13
1431	1044	6.83	+0.07		1
1432	3	2.86	-0.090	-0.33	3
1432	25	2.87	-0.09	-0.34	20
1432	29	2.86	-0.09	-0.36	3
1432	457	2.87	-0.090		1
1432	871	2.90	-0.09		2
1432	1091	2.87	-0.09	-0.35	9
1432	1281	2.870	-0.070	-0.320	3
1440	25	15.64	+1.01	-0.06	1
1454	25	12.78	+1.16	+0.94	1
1454	132	12.86	+1.08		1
1454	359	12.88	+1.12		1
1454	1043	12.87	+1.12	+0.89	3
1485	124	14.23	+1.35	+1.13	13
1485	132	14.21	+1.32		1
1485	442	14.23	+1.39		2
1491	25	16.42	+0.60	+0.25	1
1498	3	7.68	+1.24	+1.10	1
1498	25	7.72	+1.23	+1.12	3
1498	457	7.73	+1.225		1
1512	25	13.50	+1.37	+1.06	1
1512	132	13.51	+1.26		1
1514	25	10.48	+0.64	+0.12	2
1514	144	10.53	+0.66		1
1514	909	10.558	+0.664	+0.094	8
1514	1044	10.48	+0.66		1
1516	25	14.02	+1.31	+1.02	1
1516	124	13.87	+1.27	+1.04	5
1516	132	13.97	+1.34		1
1516	909	13.670	+0.363		1
1531	25	13.30	+1.15		1
1531	1043	13.41	+1.22	+1.05	3
1532	25	13.95	+1.26	+1.15	1
1532	124	13.90	+1.29	+0.98	1
1532	132	13.99	+1.27		1
1549	3	8.77	+1.17	+0.81	1
1549	25	8.79	+1.15	+0.81	4
1549	50	8.80	+1.15	+0.83	1
1549	457	8.78	+1.148		1
1553	25	12.22	+1.06	+0.85	3
1553	132	12.49	+1.09		1
1553	1051	12.35	+1.13	+0.76	2
1553	1051	12.35	+1.13	+0.76	2
1593	25	11.12	+0.75	+0.30	3
1593	124	11.11	+0.76	+0.30	2
1593	144	11.15	+0.77		1
1613	3	9.86	+0.540	+0.11	2
1613	25	9.88	+0.54	+0.11	4
1628	25	13.45	+0.81	+0.29	1
1630	345	10.51	+1.26	+1.19	1
1645	25	11.33	+0.71	+0.43	3
1653	124	13.55	+1.20	+0.99	8
1653	132	13.50	+1.21		2
1653	271	13.61	+1.23		49
1653	304	13.49	+1.21		2
1653	1043	13.69	+1.28	+1.05	3
1705	3	6.43	+1.702	+2.00	3
1705	25	6.46	+1.70	+2.07	21
1705	50	6.46	+1.701	+2.074	1
1705	457	6.44	+1.703		1
1712	25	14.36	+1.01	+0.47	1
1726	3	9.24	+0.548	+0.12	2
1726	25	9.25	+0.55	+0.12	4
1726	457	9.28	+0.514		1
1726	1387	9.29	+0.54	+0.03	3
1756	124	14.11	+1.37	+1.23	11
1756	132	14.10	+1.37		1
1756	442	14.20	+1.37		2
1762	3	8.25	+0.361	+0.11	3
1762	25	8.27	+0.36	+0.11	5
1766	3	9.12	+0.470	+0.07	2
1766	25	9.13	+0.47	+0.07	4
1766	345	9.15	+0.47	+0.02	1
1776	25	10.91	+0.72	+0.22	2
1776	132	10.94	+0.72		4
1776	345	10.95	+0.72	+0.21	1
1776	1044	10.88	+0.73		1
1785	124	14.29	+1.40	+1.31	10
1785	442	14.54	+1.54		1
1794	25	10.36	+0.64	+0.13	2
1794	144	10.40	+0.62		1
1797	3	10.09	+0.558	+0.07	2
1797	25	10.11	+0.56	+0.07	2
1823	3	5.44	-0.072	-0.32	7
1823	25	5.45	-0.07	-0.32	9
1823	1091	5.45	-0.07	-0.32	9
1823	1137	5.44	-0.07		7
1823	1138	5.43	-0.05	-0.31	1
1827	132	14.87	+1.47		2
1829	345	8.52	+0.82	+0.43	1
1856	3	10.02	+0.556	+0.09	2
1856	25	10.02	+0.56	+0.09	4
1876	3	6.94	+0.125	+0.09	4
1876	25	6.95	+0.12	+0.09	8
1883	25	12.60	+1.06	+0.71	2
1883	132	12.66	+1.03		19
1883	1051	12.64	+1.07	+0.75	3
1883	1051	12.64	+1.07	+0.75	3
1912	25	9.05	+0.49	+0.02	2
1924	3	10.34	+0.614	+0.13	2
1924	25	10.33	+0.62	+0.13	4
1924	144	10.33	+0.61		1
1993	3	8.36	+0.284	+0.13	2
1993	25	8.37	+0.29	+0.13	4
1993	1044	8.39	+0.26		1
2016	25	13.52	+1.22	+1.15	1
2016	132	13.55	+1.22		3
2016	304	13.61	+1.22		3
2027	25	10.91	+0.86	+0.50	2
2027	132	10.94	+0.86		2
2027	144	10.92	+0.85		1
2027	312	10.89	+0.85		2
2034	25	12.57	+0.99	+0.64	1
2034	132	12.65	+0.96		3
2034	1051	12.51	+1.04	+0.35	2
2034	1051	12.51	+1.04	+0.35	2
2082	25	13.98	+1.33	+1.26	1
2082	132	13.91	+1.35		1
2082	304	13.97	+1.35		1
2087	186	6.47	+0.42	+0.04	2
2106	25	11.53	+0.86	+0.46	2
2106	144	11.54	+0.87		1
2126	25	11.64	+0.86	+0.48	2
2126	132	11.71	+0.85		2
2144	132	15.31	+1.45		1
2147	25	10.83	+0.80	+0.34	2
2147	1044	10.87	+0.82		1
2168	3	3.62	-0.085	-0.36	4
2168	25	3.64	-0.08	-0.36	4
2168	230	3.62	-0.08	-0.36	1
2168	871	3.65	-0.095		2
2168	1091	3.62	-0.09	-0.36	7
2172	25	10.44	+0.62	+0.09	2
2172	144	10.44	+0.62		1
2181	3	5.08	-0.078	-0.28	6
2181	25	5.09	-0.08	-0.28	8
2181	230	5.00	-0.08	-0.28	1
2181	574	5.06	-0.08	-0.40	6
2181	1062	5.255	-0.035	-0.206	1
2181	1091	5.09	-0.08	-0.28	8
2181	1123	5.16	-0.02	-0.14	2
2193	132	14.23	+1.37		1
2193	1051	14.18	+1.47		1
2193	1051	14.18	+1.47		1
2195	3	8.11	+0.22	+0.13	1
2195	25	8.12	+0.22	+0.10	8
2199	25	14.31	+1.13		1
2199	1043	14.38	+1.08		1
2208	124	14.42	+1.37	+1.18	13
2208	132	14.42	+1.36		9
2208	304	14.46	+1.36		6
2208	442	14.59	+1.47		2
2209	25	14.38	+1.47		1
2209	132	14.48	+1.37		1
2220	3	7.51	+0.097	+0.11	2
2220	25	7.52	+0.10	+0.11	6
2244	25	12.67	+1.04	+0.62	2
2244	132	12.58	+0.99		6
2244	304	12.63	+0.99		3
2263	3	6.59	-0.028	-0.12	3
2263	25	6.60	-0.03	-0.12	7
2263	566	6.62	-0.03	-0.12	2
2278	25	10.83	+0.86	+0.46	2
2278	132	10.96	+0.87		1
2278	312	10.92	+0.88		1
2284	25	11.35	+0.78	+0.38	3
2287	25	15.72	+1.15	+0.98	1
2289	3	7.96	+0.175	+0.13	3
2289	25	7.97	+0.18	+0.13	7
2311	25	11.36	+0.83	+0.39	1
2311	312	11.35	+0.82		1
2341	25	10.87	+0.71	+0.24	2
2341	144	10.93	+0.72		1
2345	3	9.08	+0.434	+0.02	2
2345	25	9.10	+0.44	+0.02	4
2366	25	11.53	+0.82	+0.36	2
2366	144	11.49	+0.82		1
2368	1051	14.02	+1.34		1
2406	25	11.10	+0.76	+0.26	3
2407	25	12.29	+1.10	+0.96	2
2407	132	12.19	+0.95		1
2407	1043	12.28	+0.98	+0.68	3
2411	304	14.19	+1.64		3
2411	1043	14.18	+1.59	+1.04	4
2415	25	8.10	+0.22	+0.13	6
2425	3	6.16	-0.052	-0.19	2
2425	25	6.17	-0.05	-0.19	4
2425	1091	6.17	-0.05	-0.19	4
2462	25	11.55	+0.83	+0.46	1
2462	312	11.49	+0.84		1
2484	3	9.14	+0.162	+0.15	2
2484	25	9.16	+0.16	+0.15	2
2484	50	9.17	+0.169	+0.14	1
2484	487	9.159	+0.164	+0.132	4
2488	3	7.53	+0.077	+0.08	3
2488	25	7.54	+0.08	+0.08	7
2506	25	10.23	+0.60	+0.08	2
2507	25	6.74	+0.06	-0.06	2
2548	132	14.02	+1.33		1
2548	271	14.04	+1.35		8
2588	25	13.10	+1.22	+0.94	2
2588	124	13.25	+1.16	+0.985	3
2588	132	13.36	+1.18		5
2588	271	13.22	+1.17		9
2591	1051	13.279	+1.233	+0.924	1
2601	132	15.01	+1.53		5
2601	304	14.96	+1.50		2
2601	312	14.97	+1.58		1
2601	1043	15.09	+1.56		3
2602	132	15.49	+1.63		2
2602	304	15.49	+1.63		2
2644	25	11.03	+0.73	+0.25	2
2644	124	11.07	+0.74	+0.27	4
2644	144	11.09	+0.77		1
2655	132	15.46	+1.29		1
2665	25	11.36	+0.83	+0.44	1
2690	3	7.41	+0.134	+0.12	3
2690	25	7.42	+0.13	+0.12	7
2741	25	12.60	+1.00	+0.80	1
2741	132	12.65	+1.01		3
2741	304	12.69	+1.01		1
2786	25	10.31	+0.60	+0.07	2
2866	3	6.92	+0.086	+0.03	2
2866	25	6.93	+0.09	+0.03	6
2870	25	12.45	+1.07	+0.89	3
2870	132	12.51	+1.01		1
2880	25	11.75	+0.86	+0.37	2
2881	25	11.48	+0.95	+0.56	2
2881	132	11.57	+0.96		2
2881	312	11.56	+0.98		1
2908	132	13.45	+1.13		2
2908	1043	13.41	+1.15	+0.92	3
2927	25	13.92	+1.25	+1.05	1
2927	132	13.97	+1.26		2
2927	271	13.87	+1.25		10
2927	1051	13.80	+1.34		1
2940	132	13.98	+1.32		1
2966	132	14.86	+1.50		3
2966	304	14.90	+1.50		3
2984	25	12.37	+1.00	+0.85	1
2984	132	12.41	+1.00		1
3010	186	6.79	+0.16	+0.14	2
3019	25	13.45	+1.19	+0.97	1
3019	132	13.53	+1.21		4
3030	25	13.96	+1.40	+1.16	1
3030	132	14.08	+1.38		2
3030	144	14.03	+1.39		1
3030	1043	14.02	+1.35	+1.18	3
3031	3	8.81	+0.384	+0.05	2
3031	25	8.83	+0.38	+0.05	4
3034	25	11.76	+0.46	+0.09	3
3063	25	13.52	+1.17	+1.00	1
3063	132	13.54	+1.17		3
3063	304	13.60	+1.17		3
3063	1043	13.44	+1.16	+0.88	3
3065	1051	12.97	+1.39		2
3069	25	13.85	+1.12	+0.96	1
3096	25	12.15	+1.00	+0.66	2
3096	132	12.09	+0.93		1
3097	25	10.97	+0.74	+0.25	2
3104	25	13.41	+1.29	+1.10	1
3104	132	13.47	+1.27		3
3122	25	11.92	+0.73	+0.19	1
3163	25	12.69	+0.98	+0.64	1
3163	132	12.77	+1.01		3
3179	25	10.04	+0.56	+0.05	2
3187	25	13.12	+1.16	+1.04	1
3187	132	13.15	+1.16		1
3187	271	13.18	+1.20		48
3197	25	12.26	+1.10	+0.89	3
3197	132	12.10	+1.07		1
3197	1051	12.04	+1.15	+0.73	2
3241	25	13.78	+0.57	+0.06	3
3301	25	9.55	+0.51	+0.01	2
3302	25	8.84	+0.36	+0.02	2
3303	25	9.19	+0.50	+0.00	2
3303	1044	9.23	+0.53		1
3304	25	6.70	+0.00	-0.01	2
3305	25	7.09	+0.04	+0.03	2
3306	25	6.51	+0.15	+0.18	2
3306	1387	6.50	+0.16	+0.18	3
3307	25	7.26	+0.08	+0.02	2
3308	25	7.80	+0.35	+0.04	3
3309	25	9.16	+0.44	+0.01	2
3310	25	9.15	+0.46	+0.02	3
3311	25	9.83	+0.54	+0.03	2
3312	25	8.58	+0.47	+0.00	4
3313	25	9.84	+0.57	+0.04	2
3314	25	9.49	+0.49	+0.02	2
3315	25	9.11	+0.48	+0.13	2
3315	1044	9.13	+0.50		1
3316	25	7.73	+0.18	+0.13	2
3317	25	7.81	+0.19	+0.15	3
3318	25	8.02	+0.22	+0.12	2
3318	720	8.05	+0.22	+0.13	3
3319	25	8.70	+0.36	+0.12	2
3320	25	8.30	+0.26	+0.14	3
3321	25	8.41	+0.38	-0.01	2
3321	1044	8.40	+0.40		1
3322	25	7.72	+0.18	+0.12	3
3323	25	7.00	+0.03	-0.02	4
3324	25	9.55	+0.52	+0.06	2
3325	25	6.07	-0.01	-0.32	2
3325	1091	6.07	-0.01	-0.32	2
3326	25	9.64	+0.50	+0.01	3
3327	25	9.41	+0.53	+0.09	2
3328	25	7.64	+0.16	+0.13	10
3329	25	9.44	+0.48	-0.02	1
3329	851	9.44	+0.48	-0.02	1
3329	1044	9.45	+0.48	-0.02	1
3330	25	6.36	+0.12	+0.15	2
3330	686	6.34	+0.12	+0.16	2
3331	25	9.08	+0.54	+0.12	2
3332	25	9.07	+0.43	-0.03	2
3333	25	10.47	+0.67	+0.16	2
3334	25	8.33	+0.26	+0.12	3
3334	1044	8.34	+0.28		1
3335	25	7.19	+0.04	-0.01	2
4011	124	15.65	+1.13	+0.80	14
4072	124	17.82	+0.99	+0.32	16
4183	124	16.59	+0.99	+0.56	12
4185	124	17.64	+0.89	+0.80	4
4189	124	16.50	+1.92	+1.35	12
4210	124	16.13	+1.50	+0.32	4
4242	124	18.42	+1.16	+0.36	11
4260	124	16.96	+0.67	+0.12	5
4307	124	17.225	+1.82	+1.80	11
4308	124	17.88	+0.91	+0.88	15
4311	124	16.26	+1.70	+2.30	5
4311	312	16.24	+1.53		1
4330	124	18.18	+0.28	-0.20	10
4331	124	18.72	+1.84		29
4334	124	17.08	+0.72	+0.04	21
5715	124	15.08	+0.95	+0.44	5
5728	124	16.105	+1.52	+1.47	7
5728	312	16.09	+1.46		2
5928	124	13.77	+1.03	+0.58	2
5929	124	16.26	+1.70	+0.99	5
5929	312	16.16	+1.56		2
6083	124	16.945	+0.80	+0.41	8
6381	124	15.34	+1.54	+1.32	6
7145	359	14.41	+1.42		1
7490	359	14.51	+1.43		1
7671	359	14.37	+1.46		1
7709	359	14.61	+1.49		1
7769	359	14.28	+1.09		1
7775	359	14.32	+1.42		1
8437	359	14.64	+1.47		1
9003	124	15.83	+1.64	+1.31	14
9003	132	15.70	+1.45		1
9003	312	15.75	+1.60		1
9006	312	18.04	+1.60		2
9010	132	15.39	+1.49		1
9018	132	14.98	+1.55		1
9023	132	17.02	+1.79
9023	304	17.02	+1.79		3
9023	312	17.09	+1.68		2
9029	312	16.68	+1.67		1
9035	132	14.24	+1.46		2
9036	132	15.95	+1.50		2
9040	312	16.37	+1.60		2
9041	132	15.42	+1.63		1
9041	312	15.43	+1.57		2
9061	132	14.26	+1.34		1
9069	312	16.15	+1.64		1
9071	132	15.43	+1.42		1
9078	132	15.30	+1.47		1
9083	132	15.25	+1.57		1
9086	132	15.47	+1.59		1
9086	312	15.39	+1.50		1
9087	132	14.57	+1.44		1
9090	312	16.58	+1.52		3
9092	132	16.26	+1.48		1
9092	312	16.26	+1.48		1
9095	132	14.84	+1.43
9099	132	14.63	+1.50		1
9102	312	17.17	+1.55		1
9105	132	15.75	+1.50		1
9105	312	15.73	+1.45		1
9108	132	13.29	+1.31		2
9115	132	15.44	+1.49		2
9117	312	17.02	+1.52		1
9119	312	17.67	+1.28		1
9127	132	14.72	+1.47		1
9139	312	16.55	+1.57		1
9143	312	16.20	+1.65		3
9150	132	15.62	+1.51		1
9154	312	16.16	+1.69		2
9156	132	16.01	+1.59		2
9173	312	15.16	+1.56		1
9174	312	17.60	+1.61		2
9179	312	16.66	+1.51		2
9180	312	16.35	+1.56		1
9196	312	16.18	+1.57		1
9197	132	15.27	+1.49		1
9201	132	16.92	+1.76		1
9207	312	16.61	+1.63		3
9213	312	16.57	+1.58		1
9214	132	17.54	+1.97		1
9256	132	14.48	+1.41		2
9267	312	16.19	+1.65		1
9289	132	14.45	+1.41		2
9303	312	16.14	+1.50		1
9308	132	14.23	+1.37		2
9320	312	17.07	+1.13		1
9323	312	16.87	+1.56		1
9325	132	17.81	+1.54		1
9326	312	16.80	+1.65		1
9337	132	14.54	+1.39		1
9339	132	13.97	+1.35		1
9346	312	16.79	+1.57		1
9363	312	15.78	+1.35		1
9369	132	16.83	+1.67		1
9369	312	16.83	+1.67		1
9396	312	16.99	+1.54		1
9398	359	12.96	+1.15		1
9400	312	15.42	+1.55		3
9412	132	13.80	+1.31		1
9414	312	16.17	+0.78		1
9461	359	14.80	+1.24		1
9477	132	17.93	+1.06		1
9555	359	13.01	+1.18		1
9571	359	13.04	+1.33		1
